cam0:
  cam_overlaps: []
  camera_model: omni
  distortion_coeffs: [-0.7367874448259303, 0.4295200625308617, 0.00010559030176983526, -0.0011730306750702385]
  distortion_model: radtan
  intrinsics: [0.9221236371241188, 699.7773859909569, 935.6248429202965, 318.17025669569273, 243.27247061104967]
  resolution: [640, 480]
  rostopic: /usb_cam/image_raw
