cam0:
  cam_overlaps: []
  camera_model: omni
  distortion_coeffs: [-0.7713012478301775, 0.44168154577123175, -0.0019726569296688087, 0.00763334571725409]
  distortion_model: radtan
  intrinsics: [0.88840783529277, 698.5234866817328, 933.7710684528336, 312.7838774320909, 247.14924625281242]
  resolution: [640, 480]
  rostopic: /usb_cam/image_raw
