cam0:
  T_cam_imu:
  - [0.007014427666496639, -0.9999270979342992, -0.009828358011429374, 0.0001425755739816384]
  - [-0.9978684243019423, -0.006361615411980423, -0.06494719109020551, 0.0002721100621313891]
  - [0.06487993207201365, 0.010262975496384788, -0.9978403007236633, -0.00012071830836542936]
  - [0.0, 0.0, 0.0, 1.0]
  cam_overlaps: []
  camera_model: pinhole
  distortion_coeffs: [-0.3968364649935277, 0.1376412687903212, 0.00022240368002503756, 0.0002960657813114394]
  distortion_model: radtan
  intrinsics: [361.65862437029585, 483.6653441861979, 318.5895971382657, 243.62500577183735]
  resolution: [640, 480]
  rostopic: /usb_cam/image_raw
  timeshift_cam_imu: 0.001119726538698815
