cam0:
  T_cam_imu:
  - [0.024679282073987938, -0.9996077632754615, 0.01323830184500495, 0.00017397819171501645]
  - [-0.9989968243680319, -0.025154848008810196, -0.037048326875034274, -8.410078835612364e-05]
  - [0.03736680263145707, -0.012310695393867135, -0.9992257847153563, 3.3913287846139575e-05]
  - [0.0, 0.0, 0.0, 1.0]
  cam_overlaps: []
  camera_model: omni
  distortion_coeffs: [-0.7367874448259303, 0.4295200625308617, 0.00010559030176983526, -0.0011730306750702385]
  distortion_model: radtan
  intrinsics: [0.9221236371241188, 699.7773859909569, 935.6248429202965, 318.17025669569273, 243.27247061104967]
  resolution: [640, 480]
  rostopic: /usb_cam/image_raw
  timeshift_cam_imu: -0.3999952488883213
