cam0:
  T_cam_imu:
  - [0.7632912933219336, -0.31445381943640693, 0.5643626466916313, -0.06274610993643598]
  - [-0.3985238483082577, 0.4583781896770819, 0.7943979969498509, 0.026536496384409]
  - [-0.5084930126053889, -0.8312690483051888, 0.22455873499215984, 0.14710949510251056]
  - [0.0, 0.0, 0.0, 1.0]
  cam_overlaps: []
  camera_model: omni
  distortion_coeffs: [-0.7713012478301775, 0.44168154577123175, -0.0019726569296688087, 0.00763334571725409]
  distortion_model: radtan
  intrinsics: [0.88840783529277, 698.5234866817328, 933.7710684528336, 312.7838774320909, 247.14924625281242]
  resolution: [640, 480]
  rostopic: /usb_cam/image_raw
  timeshift_cam_imu: -0.4358713177838706
