cam0:
  cam_overlaps: []
  camera_model: pinhole
  distortion_coeffs: [-0.4152350446857603, 0.17319494098379382, -0.0011057739015737336, 4.2544029899608144e-05]
  distortion_model: radtan
  intrinsics: [545.5016616530164, 547.2074789516074, 318.35456238829386, 249.78628848609722]
  resolution: [640, 480]
  rostopic: /usb_cam/image_raw
