cam0:
  T_cam_imu:
  - [0.05347634028148857, -0.9923562363455848, 0.11121771988368559, 0.00010059005042332754]
  - [-0.9802180030687396, -0.0734213617631219, -0.1837987216951813, -0.00017367044389321018]
  - [0.1905595641526092, -0.09918872830557052, -0.9766517540490535, -8.657642105263063e-06]
  - [0.0, 0.0, 0.0, 1.0]
  cam_overlaps: []
  camera_model: pinhole
  distortion_coeffs: [-0.3968364649935277, 0.1376412687903212, 0.00022240368002503756, 0.0002960657813114394]
  distortion_model: radtan
  intrinsics: [361.65862437029585, 483.6653441861979, 318.5895971382657, 243.62500577183735]
  resolution: [640, 480]
  rostopic: /usb_cam/image_raw
  timeshift_cam_imu: -0.39949292436479483
