%YAML:1.0
---
type: IMU
name: xsens
Gyr:
   unit: " rad/s"
   avg-axis:
      gyr_n: 3.6511058411769098e-03
      gyr_w: 6.8886778680555410e-05
   x-axis:
      gyr_n: 3.3668210267272440e-03
      gyr_w: 7.2012799445860667e-05
   y-axis:
      gyr_n: 3.8001924911827026e-03
      gyr_w: 6.0300134845433182e-05
   z-axis:
      gyr_n: 3.7863040056207837e-03
      gyr_w: 7.4347401750372388e-05
Acc:
   unit: " m/s^2"
   avg-axis:
      acc_n: 1.7630163096736120e-02
      acc_w: 9.1216842789581122e-04
   x-axis:
      acc_n: 1.5728897075130581e-02
      acc_w: 8.3663956692785733e-04
   y-axis:
      acc_n: 1.7316878059710935e-02
      acc_w: 1.4708355745639140e-03
   z-axis:
      acc_n: 1.9844714155366840e-02
      acc_w: 4.2903014219566215e-04
